-68.400973 -91.993317 -86.427871
-113.988042 -89.467623 -105.874637
-133.509896 -94.233840 -95.158448
-107.104453 -87.332225 -95.462412
-65.450227 -77.201009 -79.288483
-150.449538 -67.861103 -89.433231
-105.493920 -85.269225 -88.011621
-89.548830 -75.829473 -78.968936
-64.484814 -86.854642 -92.487727
-117.103984 -80.998592 -92.815053
-102.451852 -93.010188 -92.293378
-103.980961 -93.539262 -78.641904
-40.359836 -54.722113 -58.394144
-99.607819 -56.956234 -59.856530
-69.143999 -59.792513 -59.376412
-56.812377 -57.257713 -50.872504
-125.565964 -34.503666 -47.505030
-99.554728 -45.630337 -45.674025
-50.492272 -43.078139 -42.361139
-26.923890 -42.922684 -43.054734
-6.582777 -31.926189 -31.897092
-38.664356 -22.720777 -36.303327
-39.894333 -39.432995 -34.908957
-40.251703 -40.115199 -17.174322
-79.786257 4.920307 -28.480410
-38.610921 -28.471708 -28.572581
-47.012769 -25.735659 -24.726622
15.856983 -21.617757 -23.129234
15.416523 -10.950827 -11.272554
-11.602392 -9.130873 -10.627641
-12.258720 -11.265290 -10.883977
16.559384 -11.580687 -9.387223
-42.810961 45.116934 -6.748828
-41.853657 -7.229226 -7.381411
-5.079999 -6.679182 -5.498919
69.407765 -4.581824 -3.998414
-41.982201 78.982817 -4.042344
-27.654381 -2.941250 -2.468750
-1.500000 -2.532031 -1.531250
81.108774 -2.187500 -2.679688
-25.556348 36.347474 -1.225000
-41.936675 -1.750000 -1.975000
-43.941471 -1.975000 88.839482
107.029538 -1.000000 -1.000000
-31.737060 194.671200 -3.521780
-2.171875 16.500652 -2.194219
188.327718 -0.750000 2.244659
-22.643492 164.966080 -2.690423
62.680735 -1.406250 6.867273
-0.500000 -0.696875 48.175240
201.118706 -1.156250 -0.500000
-1.125000 9.073314 -0.500000
9.238866 225.314464 72.223518
0.000000 288.825411 41.471001
-0.306250 -0.250000 238.164208
250.293646 0.000000 174.990761
-26.178903 -57.045571 -56.444802
-58.074761 -55.536914 -57.068309
-60.780398 -58.997834 -59.021835
-76.269531 -59.715438 -55.365765
-42.898462 -42.272920 -40.105149
-33.099354 -38.904627 -38.038220
-68.812747 -44.475870 -44.648281
-72.207411 -47.926533 -49.301620
61.479785 -5.648525 -5.687657
-7.738991 -6.145376 -6.582300
-41.972443 -7.706689 -7.269826
-28.057025 -8.779081 57.223461
-165.609403 -94.044156 -93.612244
-86.157204 -94.344529 -94.402012
-165.948117 -94.877829 -94.945235
-96.135175 -95.442651 -97.028181
-76.478642 -66.340567 -66.342593
-69.290290 -66.162184 -81.998364
-100.963917 -84.766857 -66.543661
-71.104333 -66.404554 -88.745298
-70.457152 41.591677 -57.781169
-60.292888 -45.907480 -47.786514
-72.017615 -69.751848 -61.538507
-34.088536 -60.178618 50.441087
-35.889802 106.244436 -19.079671
-43.188403 -13.996769 -20.133456
-28.022908 -41.408922 -18.089944
142.413180 -25.660258 -32.162974
247.893973 -1.083281 -1.598531
-0.918750 -1.806199 -1.083281
-25.056250 -3.611321 18.513628
-117.927000 -5.060405 187.165280
315.726751 9.794004 23.795176
-44.877600 89.443213 -27.445723
-56.109242 200.604638 -47.707979
-60.704182 104.074394 -49.427466
-0.437500 360.386479 3.071540
-25.000000 -0.731406 2.006897
-0.500000 -0.548594 168.082481
293.587233 0.000000 0.000000